6098
3729
9255
7372
520
3569
10063
6981
10145
8376
1672
2055
9322
7211
8365
7434
6589
8611
1831
7124
10282
1482
303
1743
9995
7497
5705
9517
10373
541
8175
8611
4294
9387
7926
8164
1524
6869
7039
565
7222
8644
5966
5101
7827
6393
4210
2940
7074
6284
1834
6159
10833
2177
8100
9808
1530
5705
8042
4032
6324
4845
1482
10472
6102
1266
10569
7831
20
6438
284
10201
7183
6324
4059
3480
4545
395
9764
299
9907
3626
6589
9754
5952
6589
148
7693
947
8187
453
7457
5041
5234
9907
10927
9810
9508
10675
9815
7916
3190
8916
3592
1314
5050
10225
6044
8644
715
6436
10377
4369
4819
947
2252
77
1105
1831
1033
1261
5646
303
6393
10703
10167
9537
1314
401
999
3242
165
4091
4004
7183
5581
1029
6181
3616
9805
10101
10006
1014
3396
7017
1963
5763
7082
3255
7876
