6041
7875
7484
2297
7075
1379
10925
9665
7366
7639
10341
4592
9804
5047
4770
4997
3054
6159
11091
6145
8496
6717
10198
6429
4432
6333
11563
10209
6717
1654
2167
134
9804
9001
1698
3832
10522
996
1081
5904
7810
11368
10117
5606
3764
2222
10180
7320
7766
9352
856
4173
3204
10867
10914
8096
4384
10057
6408
10566
11648
8737
10688
9627
5029
11634
1077
3592
50
2060
9014
7180
1004
7250
1004
4747
8779
10334
11434
4504
7075
11464
9252
10527
10602
7594
5972
3172
5606
610
1973
5489
8591
178
2381
1805
11091
3397
4747
11135
4795
1313
6408
6033
7769
6651
10300
4506
4053
9065
9626
10576
8741
6237
8370
6817
1840
2431
9376
7639
2196
10774
660
10925
10894
3015
326
9396
6086
4173
7936
10403
5799
1652
3583
1702
7613
2068
5769
83
10576
3311
9943
7555
8954
6429
2289
10924
9017
50
