1587
7900
5828
1037
7751
2456
5686
6946
2673
2682
3928
11078
9122
6946
8584
10575
7558
11120
1281
7561
445
6565
5875
1764
8876
10630
7666
5
6125
143
1682
11052
8086
10917
3478
7302
1610
9267
5638
4670
3558
9697
7331
890
7955
7434
2653
3520
10058
4187
2388
10484
2006
8439
464
11116
10542
11433
11116
7919
11574
1037
7162
7806
3297
2001
6591
5336
2650
179
1377
10018
1160
8778
10870
9232
7613
5201
4214
5751
915
10389
4135
2879
6924
8044
5812
5554
7642
4887
1376
7470
9531
60
6741
1030
5666
1216
9882
8454
4697
2433
6632
6157
2738
8798
6814
10660
5572
2256
4321
9897
942
176
4275
11182
8298
10299
8140
3807
6700
1021
2615
4042
1059
9591
8591
10209
2063
9944
10146
10515
639
8005
7951
3582
8365
2615
5877
1777
8688
10379
2889
9867
1695
7613
9048
10256
5990
5336
