9686
5453
4944
122
947
6681
7524
9617
3795
8362
3924
3795
6290
2771
6639
1580
9601
585
3303
9829
9357
6699
2393
2896
7386
267
9671
5045
1691
10358
7351
1056
5439
1728
1453
6699
8332
8904
6082
1460
7009
9778
5782
2127
2198
1709
4079
1317
2516
7662
898
1314
3747
3300
4303
390
3895
3684
5444
6152
3630
1868
7147
9086
3956
8870
5289
1640
7390
472
3335
3661
10394
9096
6182
2195
454
10258
3920
3009
7689
5128
4367
712
8609
9102
1385
1796
2091
7009
7867
6152
9086
4331
4579
2250
2768
9819
4312
9994
22
8172
3109
2768
7032
9409
2494
7522
9436
7013
10289
6933
1317
4550
7795
10071
2891
9150
1612
5266
5699
9671
776
3968
3360
5521
6949
6875
4963
766
6543
5236
9005
9772
5568
5173
8968
8134
2025
7795
4565
1874
4016
6152
7005
1184
5545
9747
10227
7255
