8645
4372
7011
7893
6064
7807
7887
1883
10380
3519
4337
2445
5379
6494
754
8906
4344
5574
988
8579
5071
761
9948
6658
1430
3742
7501
9007
488
5746
7697
93
9972
5633
9864
7163
2302
6877
30
1827
1305
4372
6499
6799
1664
9147
6735
6167
5709
7680
5715
10621
10339
4656
6534
884
10398
4713
9846
1888
10385
6735
1997
9549
3191
2898
7697
5605
717
7743
9380
4103
3050
4689
10708
4819
4850
8443
1883
10441
7149
9509
10207
6622
3263
7692
9392
2777
1421
8376
4746
925
6017
8853
1525
9211
2715
9251
5810
3475
7947
6268
7691
93
1881
9436
6944
6871
8992
10662
6504
7096
9377
7689
4447
3673
4331
2917
8549
5890
2279
4271
8799
8319
2092
10203
8467
6928
10443
5242
1359
9423
453
72
556
2298
556
7519
148
9436
9261
6593
7541
7692
5071
1024
430
9423
4012
8992
