37
810
649
10298
7916
1921
9291
363
2953
8490
7791
1195
9776
10045
3300
8741
8014
1168
619
6671
193
5955
7343
7099
2779
3336
2791
3643
9961
9259
6705
705
9919
8359
1686
8437
10091
313
9765
2444
9759
7142
5050
9166
7752
9417
8418
4873
1166
9047
1701
1324
5327
8887
8194
8076
2651
1501
906
3324
60
7490
4142
9938
6320
7142
9088
5692
8402
8260
9338
8871
5684
3643
7451
2433
3634
6363
8541
4831
5663
744
6271
69
9435
4831
9259
1485
6427
9961
4873
6548
8043
9776
7142
3336
7553
5263
10036
5085
4007
9929
3114
9435
4307
923
2472
7838
8305
1516
1739
4509
2196
9116
5750
2227
3086
4403
5041
9241
5016
264
6256
2104
9993
2196
6934
8148
8613
7581
3643
2972
6987
8033
3024
193
9889
5574
9190
7697
8359
264
2420
10298
10307
8190
1967
2815
1693
7161
