5485
1633
4703
5987
6024
5871
3095
5076
2678
656
6535
8661
5714
4440
7454
2163
4709
1482
1303
9585
4131
2382
9366
7490
4573
6314
6860
2544
4571
8661
8073
5804
10257
8506
7360
1378
3649
10311
2185
6535
6981
8641
205
1841
8784
3387
10279
2883
651
1207
8467
4813
9776
7415
1683
3996
9172
4225
6688
9391
2293
4191
4712
2159
8368
7690
9761
1414
3283
1617
3626
6117
6160
3910
7846
4297
2997
3454
2883
3764
386
7206
8575
10311
3929
6191
9996
2586
10096
6332
1582
1971
6196
1904
30
3906
5519
9772
1062
8816
7386
386
4222
2724
105
7802
2724
3120
7117
1360
7070
3158
8571
651
9288
8212
6867
9003
6671
6599
278
3910
4309
6566
6117
4343
6172
7213
9780
2826
1062
2415
3295
973
953
3454
4571
3777
2330
973
951
9271
10342
9395
5871
9273
7258
1889
7778
3184
