10482
9505
6425
2867
210
7753
4137
4621
2235
10353
127
4146
7466
963
10044
9709
7078
2084
9689
8600
5203
9335
7694
6690
9709
4564
975
9662
844
4665
1534
7907
3396
4250
7342
80
1274
747
1099
3677
7679
1221
4281
4097
9517
110
10205
5783
9527
9287
10534
3872
3947
7653
10447
2854
8676
8006
1728
6013
1880
3471
3051
5572
4217
6815
1827
5740
3771
3163
5881
7865
824
10229
1223
10265
6824
7918
1576
5532
2541
8889
9530
6824
5684
5729
6172
3448
2863
7936
9530
5066
7918
9165
7069
1364
1277
9187
3514
5347
8657
5874
2238
9523
1576
110
5482
8575
4281
3457
3337
3388
1467
9335
6698
3615
4131
1802
3457
7299
6409
9519
8716
3394
7779
4887
1274
5518
10252
1226
7234
4397
7267
6013
10310
9117
2238
5203
3042
6892
5158
6632
6772
6842
1226
2344
10361
5602
4341
3332
