4033
10423
9995
3410
3510
2876
2699
8786
9596
5020
6227
7967
1311
4434
8192
8771
5584
7775
3034
1938
7052
159
1987
8302
2741
6885
9283
10816
9808
587
8698
6379
10960
10739
2000
7163
2569
4750
8022
1016
2235
2697
1088
3510
10819
1367
4441
5290
1244
7964
10801
8179
222
1697
4923
2905
710
6717
2656
2569
7230
252
9030
7079
3069
3079
6252
5943
488
2719
10264
6446
9225
252
10021
8960
4775
7068
6723
6443
7139
9685
3042
7277
239
581
2326
893
7227
5104
3343
2794
8959
4476
2020
956
254
8401
10207
726
3189
1586
7149
1318
5084
9383
2378
10228
8506
1248
5250
7814
10816
849
7149
3099
1313
9562
7743
8548
7097
3122
3444
4434
8121
5752
9064
471
6446
289
4339
1843
1794
3537
6927
7249
5162
9324
9669
2423
2587
3537
2227
2274
8121
9481
5584
9485
7821
2000
