10461
870
8061
5745
9477
7166
8071
178
9361
9407
9625
1713
8592
10340
9766
2075
766
2028
668
3738
3320
4019
10860
1732
11433
8286
10566
8864
4223
5900
4561
9176
6825
6971
8946
10314
1791
5309
4988
11065
8895
2373
7551
5791
7373
11260
1964
8203
8088
2725
6449
11180
1123
5761
1456
999
8127
6773
9943
6766
462
2373
3846
7231
3601
7241
11484
5923
6766
4953
11083
9805
1563
7190
3370
9091
943
11457
11292
9089
8978
387
8731
10182
6080
4686
5859
1922
10956
3597
8731
11370
599
7021
1123
4372
8387
1109
4392
2976
402
10024
943
1875
11081
10475
5722
529
5020
11083
9668
8203
11407
718
786
32
5569
6608
8302
4819
4534
11054
10578
5266
6479
153
3621
9052
7551
2169
6582
1987
578
1580
10337
68
6853
4058
6858
11334
9812
4522
2056
9676
11132
2976
9679
5064
9668
6240
