7762
543
6385
162
3816
6315
9554
9275
7306
5515
3653
5179
8986
9494
3163
7181
9660
1615
3078
4882
2967
1169
2307
8046
6146
3147
6738
1173
1949
7415
5276
816
7968
2448
2318
2821
8739
1776
3407
5943
8660
7298
1776
7558
7956
6512
5919
7694
9424
8817
3382
2307
1169
6067
180
7384
159
8348
8617
3579
5510
3421
4561
3032
7539
8348
7522
6163
1174
589
2689
1000
9138
4892
8630
7011
2282
5593
5836
1628
5593
176
4179
6788
6246
5926
5271
6385
3730
3407
9703
9093
8407
5736
3360
5750
5103
543
2551
6385
2544
6941
7522
1576
2639
7255
9736
5302
3687
6761
6962
246
7016
2090
8469
4195
7955
3250
1450
1397
8132
2506
1712
6369
8191
5350
2821
4327
7325
7058
1594
919
3595
176
3994
6469
8721
3706
2607
2125
1478
9519
3877
8617
2832
1949
2422
576
5510
4122
