10772
10270
7882
7513
435
8869
10297
8565
7698
8654
5215
647
7156
7771
10023
2750
8515
6267
9976
8565
5905
2019
10081
9294
10802
9059
3892
8877
3528
2807
11255
6814
1595
11255
6428
5887
8668
5057
6682
4434
5931
331
9043
1407
254
11143
8185
8794
9785
6482
9478
3923
807
8064
1696
96
9238
9709
8962
4992
1045
8763
296
2536
698
10452
809
9294
8039
7456
6005
6067
4822
3296
7559
251
7015
7965
1166
4988
6597
2671
9213
7367
10653
2926
11111
8387
1167
8565
1750
2079
9391
5929
8763
10052
8774
9513
4822
4859
9150
9899
10997
9147
5431
10698
1496
871
10775
6527
5905
9713
9317
7367
9213
675
10420
8865
1266
38
9600
6979
5976
7346
1270
2891
9680
2068
4655
1716
10877
6084
16
2548
7421
5444
5660
8980
10216
4859
7703
4352
6942
5210
3907
4244
5937
2759
1578
7296
