8572
8953
8297
8942
2517
10
4822
7649
8674
8174
2851
5002
9437
1605
3271
1752
5264
9252
7864
1752
6718
7446
3027
5348
8758
7561
10124
6254
8660
572
4937
7180
9525
3078
6061
1843
3078
75
9924
1141
8719
2303
6580
7726
4323
10047
9838
9431
9239
7231
1088
5416
4415
4111
13
2651
1500
159
8702
13
725
2983
7215
10175
6580
2870
2070
9501
3437
1500
570
1962
4213
7171
9615
8474
7159
9374
7869
5935
6534
9333
552
290
2935
972
3341
4487
1093
1358
4507
1824
4897
1445
2053
696
4897
4173
158
8165
6291
1125
10108
10181
8660
9726
8708
5221
8991
6534
402
5416
5378
1314
6155
8584
2338
9198
2945
3555
550
7872
5963
5421
9276
7911
6580
4059
1873
7148
2000
8465
8153
2087
8702
6387
1752
6948
1233
299
3203
1641
6188
8329
3437
1461
6573
5912
183
9405
