8897
5612
9432
7742
2863
7171
7537
5296
2729
1356
10287
460
655
10523
2860
7499
5246
3049
8258
161
3013
1437
6874
2157
3592
3118
9914
4114
5363
10537
5248
7501
5334
7846
8337
1455
4110
5017
10715
7030
10380
10257
655
161
3066
7651
787
8371
3837
9098
1644
7069
3617
8550
9325
7445
4967
1462
680
3362
1256
5900
54
6730
6970
1485
1271
161
10500
1250
353
3251
4766
940
3362
7945
1636
8304
9479
5676
10460
4399
1773
3275
1929
4268
3795
6986
5857
4515
10355
7144
3496
3562
7015
10422
9301
8328
3749
9002
2644
8179
1356
7525
2231
8931
8618
3948
10344
386
9703
3082
4823
4740
10498
10714
9033
3489
52
3868
1247
3562
4238
4911
7310
387
8555
9703
1774
5549
985
8659
2727
6523
9325
5199
8550
7036
2295
8038
546
1193
4404
5296
9914
4077
5248
8071
7712
5298
