6462
998
1581
8722
7764
9447
6560
8295
8065
8851
10488
9309
1181
8165
2010
4493
8148
5286
3237
10595
4968
10585
9878
5462
5363
9818
3395
4915
1462
5001
34
11
6194
4912
649
5953
3053
7244
6339
185
8065
5806
1318
9488
6119
6816
6119
3059
3841
9489
6099
8959
1020
4817
3093
6557
6818
9868
241
341
3683
293
376
9878
8408
4219
7893
442
3454
2935
3724
3589
832
5392
1972
7022
3961
165
2100
8056
1566
267
6006
2689
5216
1168
1185
741
75
1462
1103
3789
5124
4727
5944
2256
998
2557
6107
4656
8938
1828
8408
9825
10285
2388
8901
3312
5880
3052
405
10524
3375
9587
5594
620
10689
6916
4582
10771
456
9120
6953
5646
2509
1594
29
6994
7560
9309
3527
8634
34
3968
10379
10367
9775
8288
5994
4462
3428
6507
7277
7053
7932
1594
7690
7690
8634
1157
