4456
1154
1756
6930
7329
2153
5989
6546
7707
1551
804
3359
8297
919
5303
949
883
8445
6546
2346
35
949
5797
1756
8551
4196
5477
6877
8523
6930
4264
6882
8159
9359
7723
9174
2115
3984
105
206
8898
919
7166
7765
5589
6227
2559
6369
8453
9011
2513
8470
4152
8147
870
2971
6230
42
325
8553
7010
4617
6090
5797
7994
7519
8700
557
5529
8769
4416
8280
3841
1673
6489
9025
1683
2920
9174
786
6131
5989
9239
400
4512
4263
6955
875
4319
7329
9359
1560
5860
9244
1017
4155
1154
290
8119
6618
3018
6346
5419
6882
1874
5797
316
3920
2358
3534
4773
2226
9202
7890
6234
7674
2420
3527
2416
6735
4857
6079
2153
754
5921
3236
8280
859
7107
629
1271
4174
6930
482
4996
8769
9316
5343
6718
2277
2501
1551
8119
2273
3345
4850
336
5989
8159
2665
