3904
2227
8789
5736
7996
7380
917
6783
9210
3153
2745
8769
4859
548
6575
9097
4575
10419
5717
4436
9931
8740
3448
1674
82
5119
9087
5209
7457
642
4747
7258
2854
9169
8491
6753
5818
9472
8994
4293
8561
1173
8859
2638
8183
275
7655
2023
6498
2443
2307
5777
7038
6356
7725
7129
7055
1534
1510
9840
2282
6645
6645
5569
591
10454
7900
6646
5012
6349
6714
9210
2800
4741
1371
591
591
4557
9123
7137
2708
7277
2023
9783
2542
5457
1735
9661
7277
3265
9097
9554
5603
497
182
6428
6798
8084
8424
1056
9734
10459
10401
2148
349
7684
9172
931
7931
2941
8145
6489
10398
5925
1079
8849
696
2848
3265
8036
2113
8262
2409
8023
8820
2565
9734
467
6593
2868
7996
1106
2862
3097
9701
3270
6698
8403
250
3522
7306
8372
5770
7214
9748
7129
5238
52
10054
8881
