2678
9997
4509
9068
394
10735
116
402
6551
7954
8210
4067
231
820
5701
3013
6065
452
1256
1826
1827
2813
4873
8935
3237
3583
8562
4557
535
2867
2728
526
1907
4517
6586
10518
4402
6702
8078
195
697
5041
1456
977
2894
4243
1313
9417
1889
2545
8387
3785
2754
2222
1687
6483
3081
7338
279
907
10518
2977
1435
1456
5029
5181
9376
9922
9282
6272
7050
6918
8640
8891
8080
613
10310
6540
6975
1242
6466
1359
5230
9606
3707
4048
1872
7236
610
2151
8334
207
2441
6907
10034
7797
9423
8244
3411
7428
479
7916
3138
9266
2496
8713
6834
1862
1094
2
3105
4492
1371
5727
231
2273
10167
2114
6793
10721
1510
1094
8211
4194
8211
7037
9421
3325
1253
10146
8106
10065
6928
8713
4994
9866
2913
897
8987
4202
9266
1094
6189
10536
3899
6504
1907
2928
8986
9055
