1781
6016
6521
8361
2351
210
9788
10489
5692
2218
7566
8644
8030
6631
8230
9267
492
116
2576
6940
2297
4173
9152
1172
3689
1461
116
9183
10175
2422
2015
3456
8564
10683
3207
2335
131
2115
4459
5823
7079
949
5863
3816
9842
5406
4499
10282
7928
7496
8719
10167
2953
6912
579
7032
10531
2920
5077
1383
5741
7317
5077
3043
9571
10635
8117
9664
4401
1505
6976
2734
5077
1500
6986
3961
9390
2746
6031
6488
1647
6116
5692
4830
1668
8605
3112
1489
638
8421
2930
6491
7122
10398
888
5696
1833
9016
6832
6593
1944
4968
9361
7255
9118
7745
2498
7585
1944
16
2626
6382
6141
10546
2398
10175
8406
5957
3190
9029
5741
8892
6887
1577
8496
7782
9678
1657
8190
7928
10423
1454
1791
439
131
10702
10358
2626
9781
1489
5213
1505
10137
328
3713
1671
10398
1137
7776
2746
