11177
4862
1472
3198
5726
2032
2346
4829
3193
5405
1026
5721
7907
1542
3175
10021
4368
477
9735
7255
8759
700
4094
934
2499
8330
7467
6243
5931
9157
4363
8179
2608
8462
2467
10984
10626
4862
7096
2394
1447
8083
10727
9393
751
4968
10577
5144
8090
8827
3486
5405
587
7683
6447
3111
7106
4764
9409
3993
2489
2342
751
5364
1850
5905
7442
1131
1856
2904
6180
6062
2047
5403
3947
2838
1481
5604
10700
9716
5494
5167
3605
6146
1425
1131
405
8567
6054
9891
1158
8608
3199
4378
4942
5196
1311
1062
8897
3297
6652
6205
9393
8812
2499
4400
2738
4141
1158
4470
2394
9171
9880
8659
6447
2346
9854
6821
1938
4363
7803
5749
4024
11069
10215
9171
7511
2526
1250
7541
8589
10433
2147
9016
10361
4764
4556
1571
135
5814
8812
2538
6110
7234
2352
999
9620
841
7843
219
