1891
8688
10878
2029
9707
2443
3063
4647
1109
3859
9310
3709
5555
9488
8688
6234
1401
6514
9767
9865
2347
4136
11032
3950
9815
6529
10086
8771
2886
5394
9319
2222
2318
6120
1947
9625
8906
5289
123
9965
6818
9465
11032
838
4570
5605
4542
6026
9736
2508
1760
604
4295
1448
4600
2443
5354
706
11099
5867
6139
9159
8543
8802
1074
7937
3950
9894
10470
4101
5618
3057
10795
5349
3963
3968
8633
6026
7634
6648
6199
6900
7191
10567
8533
9352
10587
2048
10046
10400
8319
4583
5341
2197
10660
6481
7696
3199
2048
6778
4894
5320
9979
4375
8370
11253
5969
5203
3311
10831
250
7143
6231
4800
3564
526
2476
2706
204
1127
10637
5768
3063
4575
8375
2379
8692
1721
3185
8407
5873
5668
1967
1721
7624
10308
10574
1947
1379
2453
10395
1631
7191
5240
3814
10751
5768
6731
2048
5993
