9830
1339
4456
1973
9089
3967
2306
3246
3623
3332
6256
7595
3964
4897
3527
5015
11663
10886
11147
7821
2679
8149
5389
6347
9386
10228
10402
7785
10858
4075
10738
8640
5564
3258
10738
2764
7584
1199
6078
11336
4576
632
7006
8912
5599
10687
2056
5441
9700
1291
1360
479
9654
7228
7038
7046
4949
5050
2722
3984
9705
1510
790
3351
4730
11452
6256
587
802
632
35
5389
1183
7046
2335
7216
5458
4570
783
3258
6002
2184
3757
3593
9554
10859
10791
2679
4144
1553
7038
1873
3168
7821
5255
8336
7478
5243
8958
8267
566
8958
1804
1748
3781
4342
8988
9822
9214
10025
1008
3288
230
4756
7260
9850
3852
5913
571
8396
7763
7612
10462
11059
3332
3781
7505
10830
3667
4212
7216
4255
1221
9089
6189
5102
1477
3279
2943
10832
1154
4075
2131
1360
9305
9548
11246
1263
3476
5243
