4071
9349
8955
10555
9090
1256
2085
4527
4258
3038
7736
6446
4425
7376
4717
2873
2267
2132
1053
10280
7666
8607
581
2366
4168
10148
8498
4071
1576
7464
1108
2530
6052
6951
10272
1086
8281
1670
2468
1729
1742
10288
5073
6520
3665
6838
6448
6274
5946
7544
2503
2624
2085
3095
5347
6563
10282
87
20
9009
7544
1129
932
2530
4902
8181
802
2366
6885
3309
1242
5656
10580
6523
1312
3645
10050
4564
6951
5229
9080
6563
8194
509
9794
10419
3703
9477
10453
3710
7670
7340
1811
5458
6959
6986
10458
7802
6461
6739
8119
4500
1498
8085
7926
10507
8778
7356
1307
1616
1729
7281
8320
6962
4521
4122
6741
8479
10474
6520
9301
4258
10507
484
9864
6857
4239
6593
746
7642
10032
5672
1356
8512
10507
9391
5192
8607
2596
6739
7333
4653
52
4766
8512
4564
9212
4380
2262
9049
