8620
9658
1469
1579
8260
8973
5660
1226
10974
4078
7273
9331
5023
395
204
8746
10030
3541
1619
7828
7666
1581
949
7947
3999
6556
11265
1983
1983
8347
541
3256
6481
6509
9377
7375
3554
3256
1176
3094
297
8516
5257
5428
1350
9704
6802
11269
6119
8497
421
1959
2697
1260
9968
7163
545
2405
9246
7012
10746
9725
10254
5718
8845
697
5660
932
8479
7007
8524
1239
8113
1983
6848
9628
4285
6127
2042
10476
7349
7002
989
10129
8343
3509
9854
8902
6390
7517
3999
5660
9861
7273
3757
7173
626
9578
683
9185
9215
1777
10406
5660
8303
9888
7947
1085
8723
2563
187
8566
9690
5553
11132
10528
9263
9628
545
3744
9719
9058
2026
8104
4497
6256
7826
9518
8453
1062
11089
10153
2828
2628
8497
11142
5452
4644
5241
2308
187
5434
3506
9842
3412
3307
8888
1075
1287
9389
