6189
7265
10211
8641
5052
6030
10219
6592
6469
7110
3620
10579
1450
3644
7498
9879
1187
492
2809
532
4435
6672
2133
9952
1478
3646
10428
4389
1736
1128
9421
6184
8354
7123
1674
414
1736
987
5150
8002
6469
8871
6083
7693
10595
424
4919
927
10134
7716
10564
3580
1227
1811
2707
2712
3722
449
7221
3708
1568
5611
9700
9710
10564
9611
8641
1426
8998
2467
7674
2309
9455
2309
9770
9235
1005
1913
8404
183
7912
6536
3732
9050
8204
4863
9807
927
5331
6189
4704
6959
9611
1721
3656
9390
9599
1208
9103
7693
1965
3656
9770
382
4291
7123
7993
5493
7264
3382
5719
2069
9599
7820
9360
5113
1461
8321
4072
6876
1444
7264
593
71
8906
4322
7841
5886
3796
3865
544
4024
7855
8782
2782
1072
2842
10461
4680
9859
1227
10140
10230
10703
5264
8777
4996
6834
6030
9082
