3312
626
2913
5560
5031
6711
2642
1792
6332
4977
8903
7615
9035
7000
6630
4797
1012
7790
4849
1682
3919
6141
5677
9431
1493
1025
3647
4891
8451
701
6266
2090
1414
8834
7451
6378
6099
409
8183
2551
5393
7500
472
4960
5052
7053
9169
6039
5405
4528
7589
8885
701
3517
8841
2320
4657
2985
6947
3390
3701
3558
5580
5142
2866
3300
1592
8604
3749
81
1470
8801
7606
1992
4123
3013
8903
3892
8656
4842
8183
6791
4086
8777
462
3385
1508
5096
6215
8451
8212
15
2299
4086
5189
5145
7181
6709
4186
1118
6817
5731
388
4954
7520
4575
7589
6930
8190
6791
1891
6736
3931
6039
6116
4495
8999
7451
9076
5764
6392
7834
5821
8504
2126
963
4028
9153
7633
8000
873
5020
3988
1203
9372
1687
5943
7520
8626
4405
4849
873
1199
8410
6817
7201
3187
6359
5145
2671
